760013073
760013293
760013333
760013594
761012601
761012723
765012678
765012694
765012774
765013256
762012966
762013184
766013389
126013662
126013821
768014026
748012905
748012984
748013471
748013530
748013589
748013592
748013712
748013751
770014757
770014937
655014974
770015572
773013999
773014140
774013612
777013537
779014086
779014089
779014387
877013411
784013939
785013830
760014113
760014153
679013127
679013744
679013766
765014094
765014095
175013655
713014486
762014725
126014519
126014620
126015341
126015378
768015085
748014053
748014430
748014873
770016015
655016155
717016533
773014456
773014678
773014738
773015136
774014651
775015262
775015542
663014905
877014610
782015370
785014352
785014495
491015034
679014105
126015540
506016017
769014857
748015053
466017017
468015498
518016260
774015592
520016351
775015722
522016643
525016224
689016482
250016087
696016706
526015830
785015032
491016413
539015786
900015926
498015280
498015320
498015822
830015840
735015875
932016745
932016824
503016736
502017236
773016311
773016532
773016634
773016953
718018334
717018394
895016619
834016720
834017116
834017335
835016743
689017442
689017682
696017184
696017524
696017824
839016199
839016218
539016344
540016734
211016241
211016961
932017865
506017739
546018043
773017213
773017612
773017973
532019234
914019674
550017480
923017920
923017921
923018141
208018339
554017932
835018363
688017842
209017178
540017877
541018177
541018697
211017261
211017641
972018084
972018889
958020506
773018353
773018494
914020337
923019344
208018457
208018478
208018901
554018899
554018958
554018977
554019357
554019377
554019399
703018860
838019059
838019644
727019534
209018740
